# site web fes - google_search Results
# Generated: 8/22/2025, 4:42:01 AM
# Total Results: 177

PHONE NUMBERS:
=============
+212600393191
+212600406120
+212600747637
+212600940811
+212604111015
+212604111022
+212604111039
+212604111053
+212604111114
+212604111176
+212604111299
+212604111312
+212604127658
+212604127665
+212604132986
+212604335670
+212604567478
+212604567485
+212604567492
+212604567508
+212604567515
+212604567522
+212604567553
+212604567577
+212604567584
+212604567591
+212604567607
+212604589951
+212604619030
+212604619047
+212604619054
+212604619078
+212607081306
+212607851946
+212607876535
+212608060809
+212609060823
+212609081625
+212609392039
+212609473547
+212611635170
+212614686886
+212616102326
+212616171205
+212616270773
+212617020702
+212617558339
+212619081706
+212619141502
+212620526387
+212621121407
+212622281211
+212624181605
+212625165854
+212625165856
+212626161694
+212631847646
+212636197831
+212637494362
+212638474497
+212639228177
+212639373204
+212640301363
+212640688437
+212640689631
+212640690752
+212640691721
+212645400000
+212649848277
+212651029106
+212651155110
+212653879647
+212654444010
+212657336335
+212660532394
+212661525740
+212661845354
+212663091166
+212663586671
+212664017447
+212664738086
+212665654829
+212666443644
+212667785238
+212668412741
+212668513685
+212668558404
+212668945312
+212669783483
+212671815878
+212672926852
+212675040975
+212675452415
+212678058250
+212679535043
+212679757575
+212682598015
+212684186937
+212685704858
+212689360606
+212690672319
+212691566252
+212699342776
+212701240208
+212701494597
+212701913313
+212702495266
+212703331338
+212703381755
+212707140815
+212707519531
+212709513364
+212711121208
+212711949348
+212712141217
+212713141922
+212714285714
+212716271787
+212716633591
+212719558232
+212720677161
+212722764242
+212722851364
+212726151203
+212729224708
+212729815868
+212730038267
+212730041820
+212730052043
+212730061566
+212730068873
+212730073072
+212730117113
+212732287855
+212733329943
+212734322134
+212735513549
+212735606030
+212737566736
+212739111102
+212743484497
+212744741524
+212749060870
+212751953125
+212752354780
+212753668716
+212755157470
+212756912159
+212757760547
+212760000000
+212762579489
+212763213524
+212763683718
+212763714728
+212763817266
+212764686964
+212765315440
+212765670856
+212767352852
+212769230768
+212769230769
+212770958958
+212776688138
+212777777676
+212779220811
+212779220813
+212779859742
+212780302062
+212781131613
+212781132013
+212781468537
+212781684236
+212781888961
+212784191612
+212784313725
+212790149937
+212798142030

SUMMARY:
========
Total Emails: 0
Total Phones: 177
Total Contacts: 177